%Flow (m³/s)
1.98
1.961
1.98
1.952
1.952
1.961
1.961
1.971
1.989
2.169
2.519
2.44
2.578
2.951
3.73
4.626
5.778
7.614
10.502
14.02
17.706
20.633
23.283
25.25
25.898
25.043
22.361
19.196
16.972
16.365
17.231
19.84
24.547
29.533
33.733
36.907
38.715
39.57
39.545
38.593
36.169
32.401
28.071
23.506
19.888
17.338
15.405
13.932
12.765
11.957
11.065
10.297
10.406
9.891
8.985
8.41
8.086
7.703
7.411
7.147
6.873
6.651
6.455
6.211
6.042
5.886
5.707
5.553
5.4
5.283
5.154
5.027
4.889
4.468
4.604
4.615
4.536
4.513
4.502
4.379
4.267
4.189
4.123
4.057
4.024
3.98
3.936
3.903
3.903
3.947
4.002
4.079
4.211
4.379
4.592
4.786
4.969
5.143
5.306
5.47
5.612
5.731
5.898
5.934
5.814
5.695
5.517
5.353
5.201
5.039
4.889
4.74
4.604
4.513
4.401
4.312
4.223
4.156
4.079
4.024
3.936
3.892
3.849
3.838
3.795
3.719
3.676
3.644
3.601
3.558
3.505
3.483
3.441
3.409
3.367
3.325
3.304
3.262
3.241
3.21
3.189
3.147
3.126
3.106
3.085
3.064
3.044
3.013
2.972
2.961
2.921
2.921
2.88
2.849
2.819
2.799
2.778
2.748
2.728
2.708
2.678
2.648
2.628
2.598
2.568
2.548
2.529
2.499
2.479
2.469
2.45
2.42
2.411
2.381
2.362
2.352
2.323
2.304
2.294
2.275
2.255
2.246
2.227
2.217
2.198
2.179
2.169
2.16
2.15
2.15
2.15
2.16
2.169
2.16
2.15
2.15
2.14
2.14
2.131
2.121
2.121
